Kare.portzentaia
3.412
4.877
5.737
6.226
4.733
3.670
4.018
5.661
4.194
4.516
5.838
5.377
3.674
5.082
3.847
3.864
4.691
5.310
4.340
3.561
4.507
5.362
5.803
5.188
6.057
4.633
6.056
3.730
6.531
5.063
6.353
3.574
4.843
5.825
4.176
3.551
5.435
4.391
5.457
6.399
5.395
4.119
5.394
3.498
6.661
4.371
4.519
6.392
4.025
6.080
6.312
4.428
5.681
4.694
5.004
6.089
6.622
3.300
4.804
3.898
5.143
6.237
6.773
5.593
4.700
5.815
6.184
5.940
4.828
3.824
6.353
3.488
4.186
6.266
5.851
4.150
3.769
5.839
6.264
5.337
4.867
4.718
4.889
4.356
3.996
4.500
6.386
3.354
6.022
4.410
5.599
4.811
5.121
6.828
5.995
3.544
5.801
6.288
5.352
3.463
4.555
3.990
5.662
4.803
4.877
5.298
4.351
6.760
5.148
4.866
6.629
5.387
5.347
4.598
3.799
3.851
5.839
4.241
5.355
4.641
6.465
5.835
5.371
3.770
6.002
6.358
6.641
6.362
6.612
6.355
3.896
4.967
5.897
4.796
4.841
5.597
6.654
6.408
3.172
5.270
