Tubo.luzera
49.708
44.792
49.918
49.908
43.831
48.168
44.449
49.371
46.398
50.830
44.950
44.280
45.801
49.306
44.736
43.221
46.382
49.604
48.160
49.203
45.874
44.293
45.372
45.751
45.976
50.196
49.096
46.042
44.116
46.993
43.930
46.515
44.324
48.966
48.973
50.692
45.198
50.258
43.610
49.143
44.813
44.224
44.815
46.944
46.932
43.523
44.724
49.124
44.696
48.074
44.199
44.343
47.097
47.955
46.279
48.349
45.238
44.613
50.081
46.505
45.503
44.323
43.992
43.451
50.522
43.523
46.992
48.952
47.185
43.474
50.839
44.845
50.046
46.056
48.602
49.845
44.700
45.707
45.895
50.868
45.435
48.056
43.317
47.910
43.675
50.820
47.909
48.607
50.180
44.749
44.628
47.360
47.529
49.392
45.377
45.070
44.448
46.534
45.605
44.998
50.322
48.610
46.466
50.377
44.068
48.107
50.682
44.774
49.352
45.365
44.719
45.078
43.702
47.649
44.154
47.583
47.276
48.057
46.043
49.250
49.649
48.084
43.786
45.231
48.498
44.483
46.393
45.074
50.468
46.168
43.853
46.370
43.605
48.990
46.718
45.856
47.370
48.923
48.517
47.267




























































